Webots Project File version R2021a
perspectives: 000000ff00000000fd00000003000000000000000000000000fc0100000001fb0000001a0044006f00630075006d0065006e0074006100740069006f006e0000000000ffffffff0000008700ffffff00000001000002c20000030dfc0200000001fb0000001400540065007800740045006400690074006f007200000000000000030d0000004500ffffff0000000300000690000000d9fc0100000001fb0000001a0043006f006e0073006f006c00650041006c006c0041006c006c0100000000000006900000008700ffffff00000690000002ef00000001000000020000000100000008fc00000000
simulationViewPerspectives: 000000ff0000000100000002000001b1000003090100000002010000000100
sceneTreePerspectives: 000000ff0000000100000002000000c0000000fa0100000002010000000200
maximizedDockId: -1
centralWidgetVisible: 1
orthographicViewHeight: 1
textFiles: -1
globalOptionalRendering: JointAxes::CoordinateSystem::CameraFrustums
consoles: Console:All:All
renderingDevicePerspectives: FormulaPi:fpi_cam;1;0.545833;0;0.00138504
